446 411
218 559
7 964
307 557
634 744
202 708
991 327
213 359
54 280
178 744
604 704
213 439
849 56
95 764
389 586
668 171
601 903
677 874
145 422
325 279
570 476
734 482
203 596
424 68
275 22
500 718
577 241
704 405
743 919
190 602
447 783
324 901
67 283
800 690
561 372
169 410
584 695
808 709
593 474
731 751
32 669
930 278
353 961
599 522
572 423
490 467
432 643
547 974
615 606
48 367
346 726
635 765
664 79
684 766
634 518
304 331
26 582
808 568
654 292
196 204
1 981
253 879
480 571
988 270
192 337
121 550
996 968
948 52
312 737
744 231
13 648
494 906
119 248
45 341
734 282
601 553
680 294
412 901
940 909
735 795
724 92
459 936
272 818
495 497
665 701
461 895
970 948
545 194
607 802
90 444
28 483
954 525
155 702
311 342
586 158
931 147
867 496
761 602
277 115
844 115
477 833
320 338
656 13
365 605
803 639
625 152
906 817
657 877
231 750
176 7
567 423
361 694
878 481
739 489
634 721
277 486
950 134
85 361
181 813
733 227
255 793
35 819
613 973
467 471
511 399
