497 526
675 902
918 738
964 287
327 826
943 149
503 418
362 405
338 566
307 85
81 231
121 273
803 292
130 583
79 83
338 213
231 337
653 875
26 416
124 15
709 220
977 610
469 485
973 115
2 159
14 870
491 896
524 714
324 936
462 241
956 318
713 506
245 274
497 844
489 962
622 22
967 994
480 813
573 225
813 815
884 116
988 573
489 768
894 861
728 970
253 897
604 264
890 280
539 496
733 224
600 942
934 585
743 142
599 304
22 811
298 924
386 50
998 116
379 788
344 711
386 994
914 582
804 910
189 842
339 470
951 998
419 936
322 807
3 359
561 181
690 626
3 716
331 812
675 595
910 438
682 829
265 920
942 841
885 630
44 201
503 615
659 719
788 286
754 812
231 890
962 536
586 681
559 322
488 17
842 677
507 346
349 234
487 541
136 322
960 860
401 959
193 908
252 327
474 524
254 679
190 100
306 325
827 959
923 861
846 96
50 650
649 581
965 736
488 194
996 354
58 392
353 657
434 364
959 127
801 366
986 230
599 229
24 619
811 572
561 118
885 922
93 682
836 871
657 201
457 179
647 2
207 412
203 610
358 519
150 185
196 332
322 953
167 323
893 64
497 106
397 814
164 134
839 708
791 69
68 737
790 313
846 855
144 568
415 983
867 265
70 694
350 935
106 752
693 290
882 964
942 648
947 113
156 747
126 949
213 539
521 201
404 378
148 79
237 860
117 430
473 812
598 549
908 861
744 780
997 511
283 838
327 610
601 352
656 345
198 843
758 304
279 807
147 603
443 904
880 397
337 404
450 816
199 553
423 976
974 297
652 990
860 609
720 583
414 449
777 680
130 31
544 952
803 865
959 349
591 241
116 17
813 461
956 824
15 917
517 140
230 593
484 507
537 855
618 948
515 244
981 293
746 27
615 915
180 995
928 430
584 790
278 605
447 991
232 789
186 502
56 229
913 45
753 421
465 542
7 405
993 220
663 641
265 182
985 617
281 669
494 422
581 309
423 59
747 96
10 651
295 351
429 816
226 633
793 96
739 703
103 395
336 798
805 513
952 216
790 311
513 322
105 88
986 669
122 72
713 824
864 94
757 863
986 131
411 826
178 442
145 272
348 432
949 385
120 197
481 574
466 561
59 285
289 276
461 336
946 407
59 788
88 817
865 317
417 658
552 774
502 876
195 525
76 503
857 556
159 0
808 488
478 562
709 436
394 655
813 539
330 702
293 533
574 821
93 837
947 42
761 579
103 263
869 507
812 952
348 553
497 552
561 155
740 16
388 763
199 690
82 863
916 956
747 669
134 620
202 974
540 936
833 273
16 804
361 149
219 134
473 283
662 656
918 189
568 803
63 665
942 699
417 673
123 340
728 586
800 197
581 454
935 423
600 569
452 109
517 773
662 784
455 79
675 114
11 265
376 550
54 370
672 599
429 769
374 144
758 799
1 811
274 415
963 125
771 752
221 516
189 244
824 366
536 612
973 45
123 204
355 487
642 797
837 428
679 391
669 592
995 420
116 284
172 99
544 711
82 157
384 620
82 267
719 578
